{
 "cells": [
  {
   "cell_type": "markdown",
   "id": "959823a2-f0a4-4e4f-a559-a0f747699c6b",
   "metadata": {},
   "source": [
    "# Distance Metrics\n",
    "by: Team Old Nation"
   ]
  },
  {
   "cell_type": "code",
   "execution_count": 46,
   "id": "bd764c8d-b64e-4973-89a7-eeec23af4b5d",
   "metadata": {},
   "outputs": [],
   "source": [
    "import matplotlib.pyplot as plt\n",
    "import pandas as pd\n",
    "from sklearn.metrics import pairwise_distances\n",
    "import sympy as sym\n",
    "%matplotlib inline"
   ]
  },
  {
   "cell_type": "code",
   "execution_count": 37,
   "id": "cd4a3370-2ce5-42c3-b5ff-e4620a02f9fd",
   "metadata": {},
   "outputs": [
    {
     "data": {
      "text/html": [
       "<div>\n",
       "<style scoped>\n",
       "    .dataframe tbody tr th:only-of-type {\n",
       "        vertical-align: middle;\n",
       "    }\n",
       "\n",
       "    .dataframe tbody tr th {\n",
       "        vertical-align: top;\n",
       "    }\n",
       "\n",
       "    .dataframe thead th {\n",
       "        text-align: right;\n",
       "    }\n",
       "</style>\n",
       "<table border=\"1\" class=\"dataframe\">\n",
       "  <thead>\n",
       "    <tr style=\"text-align: right;\">\n",
       "      <th></th>\n",
       "      <th>ARFL</th>\n",
       "      <th>Argonne</th>\n",
       "      <th>Boeing</th>\n",
       "      <th>Delta Dental</th>\n",
       "      <th>Ford</th>\n",
       "      <th>Hope Village</th>\n",
       "      <th>Kellogg's</th>\n",
       "      <th>Neogen</th>\n",
       "      <th>Old Nation</th>\n",
       "      <th>Qside</th>\n",
       "    </tr>\n",
       "  </thead>\n",
       "  <tbody>\n",
       "    <tr>\n",
       "      <th>0</th>\n",
       "      <td>7</td>\n",
       "      <td>4</td>\n",
       "      <td>9</td>\n",
       "      <td>8</td>\n",
       "      <td>3</td>\n",
       "      <td>0</td>\n",
       "      <td>6</td>\n",
       "      <td>2</td>\n",
       "      <td>5</td>\n",
       "      <td>1</td>\n",
       "    </tr>\n",
       "    <tr>\n",
       "      <th>1</th>\n",
       "      <td>0</td>\n",
       "      <td>1</td>\n",
       "      <td>3</td>\n",
       "      <td>2</td>\n",
       "      <td>4</td>\n",
       "      <td>8</td>\n",
       "      <td>6</td>\n",
       "      <td>5</td>\n",
       "      <td>7</td>\n",
       "      <td>9</td>\n",
       "    </tr>\n",
       "    <tr>\n",
       "      <th>2</th>\n",
       "      <td>3</td>\n",
       "      <td>2</td>\n",
       "      <td>1</td>\n",
       "      <td>6</td>\n",
       "      <td>0</td>\n",
       "      <td>8</td>\n",
       "      <td>5</td>\n",
       "      <td>4</td>\n",
       "      <td>7</td>\n",
       "      <td>9</td>\n",
       "    </tr>\n",
       "    <tr>\n",
       "      <th>3</th>\n",
       "      <td>8</td>\n",
       "      <td>7</td>\n",
       "      <td>3</td>\n",
       "      <td>9</td>\n",
       "      <td>4</td>\n",
       "      <td>5</td>\n",
       "      <td>0</td>\n",
       "      <td>6</td>\n",
       "      <td>1</td>\n",
       "      <td>2</td>\n",
       "    </tr>\n",
       "    <tr>\n",
       "      <th>4</th>\n",
       "      <td>0</td>\n",
       "      <td>2</td>\n",
       "      <td>1</td>\n",
       "      <td>8</td>\n",
       "      <td>7</td>\n",
       "      <td>3</td>\n",
       "      <td>9</td>\n",
       "      <td>6</td>\n",
       "      <td>4</td>\n",
       "      <td>5</td>\n",
       "    </tr>\n",
       "    <tr>\n",
       "      <th>5</th>\n",
       "      <td>3</td>\n",
       "      <td>2</td>\n",
       "      <td>0</td>\n",
       "      <td>6</td>\n",
       "      <td>9</td>\n",
       "      <td>7</td>\n",
       "      <td>8</td>\n",
       "      <td>4</td>\n",
       "      <td>1</td>\n",
       "      <td>5</td>\n",
       "    </tr>\n",
       "    <tr>\n",
       "      <th>6</th>\n",
       "      <td>3</td>\n",
       "      <td>4</td>\n",
       "      <td>2</td>\n",
       "      <td>9</td>\n",
       "      <td>8</td>\n",
       "      <td>6</td>\n",
       "      <td>0</td>\n",
       "      <td>5</td>\n",
       "      <td>7</td>\n",
       "      <td>1</td>\n",
       "    </tr>\n",
       "    <tr>\n",
       "      <th>7</th>\n",
       "      <td>1</td>\n",
       "      <td>2</td>\n",
       "      <td>5</td>\n",
       "      <td>3</td>\n",
       "      <td>0</td>\n",
       "      <td>6</td>\n",
       "      <td>9</td>\n",
       "      <td>7</td>\n",
       "      <td>8</td>\n",
       "      <td>4</td>\n",
       "    </tr>\n",
       "    <tr>\n",
       "      <th>8</th>\n",
       "      <td>6</td>\n",
       "      <td>1</td>\n",
       "      <td>0</td>\n",
       "      <td>5</td>\n",
       "      <td>2</td>\n",
       "      <td>9</td>\n",
       "      <td>4</td>\n",
       "      <td>3</td>\n",
       "      <td>7</td>\n",
       "      <td>8</td>\n",
       "    </tr>\n",
       "    <tr>\n",
       "      <th>9</th>\n",
       "      <td>3</td>\n",
       "      <td>1</td>\n",
       "      <td>2</td>\n",
       "      <td>6</td>\n",
       "      <td>0</td>\n",
       "      <td>8</td>\n",
       "      <td>9</td>\n",
       "      <td>4</td>\n",
       "      <td>5</td>\n",
       "      <td>7</td>\n",
       "    </tr>\n",
       "    <tr>\n",
       "      <th>10</th>\n",
       "      <td>1</td>\n",
       "      <td>7</td>\n",
       "      <td>8</td>\n",
       "      <td>0</td>\n",
       "      <td>9</td>\n",
       "      <td>6</td>\n",
       "      <td>5</td>\n",
       "      <td>4</td>\n",
       "      <td>3</td>\n",
       "      <td>2</td>\n",
       "    </tr>\n",
       "    <tr>\n",
       "      <th>11</th>\n",
       "      <td>5</td>\n",
       "      <td>4</td>\n",
       "      <td>3</td>\n",
       "      <td>6</td>\n",
       "      <td>0</td>\n",
       "      <td>7</td>\n",
       "      <td>2</td>\n",
       "      <td>1</td>\n",
       "      <td>9</td>\n",
       "      <td>8</td>\n",
       "    </tr>\n",
       "    <tr>\n",
       "      <th>12</th>\n",
       "      <td>3</td>\n",
       "      <td>4</td>\n",
       "      <td>6</td>\n",
       "      <td>9</td>\n",
       "      <td>7</td>\n",
       "      <td>2</td>\n",
       "      <td>5</td>\n",
       "      <td>8</td>\n",
       "      <td>1</td>\n",
       "      <td>0</td>\n",
       "    </tr>\n",
       "    <tr>\n",
       "      <th>13</th>\n",
       "      <td>8</td>\n",
       "      <td>9</td>\n",
       "      <td>7</td>\n",
       "      <td>5</td>\n",
       "      <td>4</td>\n",
       "      <td>1</td>\n",
       "      <td>6</td>\n",
       "      <td>3</td>\n",
       "      <td>0</td>\n",
       "      <td>2</td>\n",
       "    </tr>\n",
       "    <tr>\n",
       "      <th>14</th>\n",
       "      <td>0</td>\n",
       "      <td>4</td>\n",
       "      <td>1</td>\n",
       "      <td>7</td>\n",
       "      <td>2</td>\n",
       "      <td>8</td>\n",
       "      <td>5</td>\n",
       "      <td>3</td>\n",
       "      <td>6</td>\n",
       "      <td>9</td>\n",
       "    </tr>\n",
       "    <tr>\n",
       "      <th>15</th>\n",
       "      <td>4</td>\n",
       "      <td>3</td>\n",
       "      <td>6</td>\n",
       "      <td>5</td>\n",
       "      <td>9</td>\n",
       "      <td>1</td>\n",
       "      <td>7</td>\n",
       "      <td>8</td>\n",
       "      <td>2</td>\n",
       "      <td>0</td>\n",
       "    </tr>\n",
       "    <tr>\n",
       "      <th>16</th>\n",
       "      <td>2</td>\n",
       "      <td>4</td>\n",
       "      <td>1</td>\n",
       "      <td>7</td>\n",
       "      <td>0</td>\n",
       "      <td>8</td>\n",
       "      <td>9</td>\n",
       "      <td>3</td>\n",
       "      <td>5</td>\n",
       "      <td>6</td>\n",
       "    </tr>\n",
       "    <tr>\n",
       "      <th>17</th>\n",
       "      <td>1</td>\n",
       "      <td>2</td>\n",
       "      <td>5</td>\n",
       "      <td>6</td>\n",
       "      <td>0</td>\n",
       "      <td>9</td>\n",
       "      <td>3</td>\n",
       "      <td>4</td>\n",
       "      <td>7</td>\n",
       "      <td>8</td>\n",
       "    </tr>\n",
       "    <tr>\n",
       "      <th>18</th>\n",
       "      <td>0</td>\n",
       "      <td>5</td>\n",
       "      <td>9</td>\n",
       "      <td>2</td>\n",
       "      <td>1</td>\n",
       "      <td>3</td>\n",
       "      <td>8</td>\n",
       "      <td>4</td>\n",
       "      <td>7</td>\n",
       "      <td>6</td>\n",
       "    </tr>\n",
       "    <tr>\n",
       "      <th>19</th>\n",
       "      <td>2</td>\n",
       "      <td>3</td>\n",
       "      <td>1</td>\n",
       "      <td>7</td>\n",
       "      <td>4</td>\n",
       "      <td>6</td>\n",
       "      <td>9</td>\n",
       "      <td>0</td>\n",
       "      <td>5</td>\n",
       "      <td>8</td>\n",
       "    </tr>\n",
       "    <tr>\n",
       "      <th>20</th>\n",
       "      <td>3</td>\n",
       "      <td>8</td>\n",
       "      <td>7</td>\n",
       "      <td>0</td>\n",
       "      <td>2</td>\n",
       "      <td>4</td>\n",
       "      <td>9</td>\n",
       "      <td>6</td>\n",
       "      <td>1</td>\n",
       "      <td>5</td>\n",
       "    </tr>\n",
       "    <tr>\n",
       "      <th>21</th>\n",
       "      <td>3</td>\n",
       "      <td>2</td>\n",
       "      <td>1</td>\n",
       "      <td>5</td>\n",
       "      <td>8</td>\n",
       "      <td>7</td>\n",
       "      <td>9</td>\n",
       "      <td>0</td>\n",
       "      <td>4</td>\n",
       "      <td>6</td>\n",
       "    </tr>\n",
       "    <tr>\n",
       "      <th>22</th>\n",
       "      <td>0</td>\n",
       "      <td>3</td>\n",
       "      <td>1</td>\n",
       "      <td>7</td>\n",
       "      <td>6</td>\n",
       "      <td>9</td>\n",
       "      <td>5</td>\n",
       "      <td>2</td>\n",
       "      <td>4</td>\n",
       "      <td>8</td>\n",
       "    </tr>\n",
       "    <tr>\n",
       "      <th>23</th>\n",
       "      <td>1</td>\n",
       "      <td>0</td>\n",
       "      <td>3</td>\n",
       "      <td>2</td>\n",
       "      <td>9</td>\n",
       "      <td>8</td>\n",
       "      <td>7</td>\n",
       "      <td>6</td>\n",
       "      <td>5</td>\n",
       "      <td>4</td>\n",
       "    </tr>\n",
       "    <tr>\n",
       "      <th>24</th>\n",
       "      <td>6</td>\n",
       "      <td>7</td>\n",
       "      <td>8</td>\n",
       "      <td>9</td>\n",
       "      <td>5</td>\n",
       "      <td>3</td>\n",
       "      <td>4</td>\n",
       "      <td>0</td>\n",
       "      <td>2</td>\n",
       "      <td>1</td>\n",
       "    </tr>\n",
       "    <tr>\n",
       "      <th>25</th>\n",
       "      <td>2</td>\n",
       "      <td>4</td>\n",
       "      <td>0</td>\n",
       "      <td>9</td>\n",
       "      <td>7</td>\n",
       "      <td>8</td>\n",
       "      <td>3</td>\n",
       "      <td>1</td>\n",
       "      <td>5</td>\n",
       "      <td>6</td>\n",
       "    </tr>\n",
       "    <tr>\n",
       "      <th>26</th>\n",
       "      <td>2</td>\n",
       "      <td>6</td>\n",
       "      <td>8</td>\n",
       "      <td>7</td>\n",
       "      <td>9</td>\n",
       "      <td>5</td>\n",
       "      <td>0</td>\n",
       "      <td>3</td>\n",
       "      <td>4</td>\n",
       "      <td>1</td>\n",
       "    </tr>\n",
       "    <tr>\n",
       "      <th>27</th>\n",
       "      <td>2</td>\n",
       "      <td>0</td>\n",
       "      <td>1</td>\n",
       "      <td>5</td>\n",
       "      <td>9</td>\n",
       "      <td>4</td>\n",
       "      <td>8</td>\n",
       "      <td>6</td>\n",
       "      <td>3</td>\n",
       "      <td>7</td>\n",
       "    </tr>\n",
       "    <tr>\n",
       "      <th>28</th>\n",
       "      <td>3</td>\n",
       "      <td>5</td>\n",
       "      <td>0</td>\n",
       "      <td>6</td>\n",
       "      <td>1</td>\n",
       "      <td>8</td>\n",
       "      <td>7</td>\n",
       "      <td>2</td>\n",
       "      <td>9</td>\n",
       "      <td>4</td>\n",
       "    </tr>\n",
       "    <tr>\n",
       "      <th>29</th>\n",
       "      <td>7</td>\n",
       "      <td>3</td>\n",
       "      <td>9</td>\n",
       "      <td>5</td>\n",
       "      <td>8</td>\n",
       "      <td>0</td>\n",
       "      <td>6</td>\n",
       "      <td>4</td>\n",
       "      <td>1</td>\n",
       "      <td>2</td>\n",
       "    </tr>\n",
       "    <tr>\n",
       "      <th>30</th>\n",
       "      <td>5</td>\n",
       "      <td>4</td>\n",
       "      <td>6</td>\n",
       "      <td>7</td>\n",
       "      <td>8</td>\n",
       "      <td>1</td>\n",
       "      <td>9</td>\n",
       "      <td>3</td>\n",
       "      <td>0</td>\n",
       "      <td>2</td>\n",
       "    </tr>\n",
       "    <tr>\n",
       "      <th>31</th>\n",
       "      <td>6</td>\n",
       "      <td>8</td>\n",
       "      <td>3</td>\n",
       "      <td>7</td>\n",
       "      <td>9</td>\n",
       "      <td>0</td>\n",
       "      <td>4</td>\n",
       "      <td>5</td>\n",
       "      <td>2</td>\n",
       "      <td>1</td>\n",
       "    </tr>\n",
       "    <tr>\n",
       "      <th>32</th>\n",
       "      <td>4</td>\n",
       "      <td>7</td>\n",
       "      <td>6</td>\n",
       "      <td>9</td>\n",
       "      <td>8</td>\n",
       "      <td>0</td>\n",
       "      <td>3</td>\n",
       "      <td>5</td>\n",
       "      <td>1</td>\n",
       "      <td>2</td>\n",
       "    </tr>\n",
       "    <tr>\n",
       "      <th>33</th>\n",
       "      <td>7</td>\n",
       "      <td>3</td>\n",
       "      <td>8</td>\n",
       "      <td>5</td>\n",
       "      <td>6</td>\n",
       "      <td>2</td>\n",
       "      <td>9</td>\n",
       "      <td>4</td>\n",
       "      <td>0</td>\n",
       "      <td>1</td>\n",
       "    </tr>\n",
       "    <tr>\n",
       "      <th>34</th>\n",
       "      <td>4</td>\n",
       "      <td>5</td>\n",
       "      <td>9</td>\n",
       "      <td>8</td>\n",
       "      <td>7</td>\n",
       "      <td>1</td>\n",
       "      <td>6</td>\n",
       "      <td>3</td>\n",
       "      <td>0</td>\n",
       "      <td>2</td>\n",
       "    </tr>\n",
       "    <tr>\n",
       "      <th>35</th>\n",
       "      <td>7</td>\n",
       "      <td>5</td>\n",
       "      <td>9</td>\n",
       "      <td>3</td>\n",
       "      <td>8</td>\n",
       "      <td>0</td>\n",
       "      <td>4</td>\n",
       "      <td>6</td>\n",
       "      <td>1</td>\n",
       "      <td>2</td>\n",
       "    </tr>\n",
       "    <tr>\n",
       "      <th>36</th>\n",
       "      <td>2</td>\n",
       "      <td>1</td>\n",
       "      <td>0</td>\n",
       "      <td>5</td>\n",
       "      <td>4</td>\n",
       "      <td>8</td>\n",
       "      <td>6</td>\n",
       "      <td>3</td>\n",
       "      <td>7</td>\n",
       "      <td>9</td>\n",
       "    </tr>\n",
       "    <tr>\n",
       "      <th>37</th>\n",
       "      <td>1</td>\n",
       "      <td>7</td>\n",
       "      <td>3</td>\n",
       "      <td>0</td>\n",
       "      <td>9</td>\n",
       "      <td>6</td>\n",
       "      <td>8</td>\n",
       "      <td>2</td>\n",
       "      <td>5</td>\n",
       "      <td>4</td>\n",
       "    </tr>\n",
       "    <tr>\n",
       "      <th>38</th>\n",
       "      <td>5</td>\n",
       "      <td>0</td>\n",
       "      <td>1</td>\n",
       "      <td>3</td>\n",
       "      <td>2</td>\n",
       "      <td>4</td>\n",
       "      <td>9</td>\n",
       "      <td>6</td>\n",
       "      <td>7</td>\n",
       "      <td>8</td>\n",
       "    </tr>\n",
       "  </tbody>\n",
       "</table>\n",
       "</div>"
      ],
      "text/plain": [
       "    ARFL  Argonne  Boeing  Delta Dental  Ford  Hope Village  Kellogg's  \\\n",
       "0      7        4       9             8     3             0          6   \n",
       "1      0        1       3             2     4             8          6   \n",
       "2      3        2       1             6     0             8          5   \n",
       "3      8        7       3             9     4             5          0   \n",
       "4      0        2       1             8     7             3          9   \n",
       "5      3        2       0             6     9             7          8   \n",
       "6      3        4       2             9     8             6          0   \n",
       "7      1        2       5             3     0             6          9   \n",
       "8      6        1       0             5     2             9          4   \n",
       "9      3        1       2             6     0             8          9   \n",
       "10     1        7       8             0     9             6          5   \n",
       "11     5        4       3             6     0             7          2   \n",
       "12     3        4       6             9     7             2          5   \n",
       "13     8        9       7             5     4             1          6   \n",
       "14     0        4       1             7     2             8          5   \n",
       "15     4        3       6             5     9             1          7   \n",
       "16     2        4       1             7     0             8          9   \n",
       "17     1        2       5             6     0             9          3   \n",
       "18     0        5       9             2     1             3          8   \n",
       "19     2        3       1             7     4             6          9   \n",
       "20     3        8       7             0     2             4          9   \n",
       "21     3        2       1             5     8             7          9   \n",
       "22     0        3       1             7     6             9          5   \n",
       "23     1        0       3             2     9             8          7   \n",
       "24     6        7       8             9     5             3          4   \n",
       "25     2        4       0             9     7             8          3   \n",
       "26     2        6       8             7     9             5          0   \n",
       "27     2        0       1             5     9             4          8   \n",
       "28     3        5       0             6     1             8          7   \n",
       "29     7        3       9             5     8             0          6   \n",
       "30     5        4       6             7     8             1          9   \n",
       "31     6        8       3             7     9             0          4   \n",
       "32     4        7       6             9     8             0          3   \n",
       "33     7        3       8             5     6             2          9   \n",
       "34     4        5       9             8     7             1          6   \n",
       "35     7        5       9             3     8             0          4   \n",
       "36     2        1       0             5     4             8          6   \n",
       "37     1        7       3             0     9             6          8   \n",
       "38     5        0       1             3     2             4          9   \n",
       "\n",
       "    Neogen  Old Nation  Qside  \n",
       "0        2           5      1  \n",
       "1        5           7      9  \n",
       "2        4           7      9  \n",
       "3        6           1      2  \n",
       "4        6           4      5  \n",
       "5        4           1      5  \n",
       "6        5           7      1  \n",
       "7        7           8      4  \n",
       "8        3           7      8  \n",
       "9        4           5      7  \n",
       "10       4           3      2  \n",
       "11       1           9      8  \n",
       "12       8           1      0  \n",
       "13       3           0      2  \n",
       "14       3           6      9  \n",
       "15       8           2      0  \n",
       "16       3           5      6  \n",
       "17       4           7      8  \n",
       "18       4           7      6  \n",
       "19       0           5      8  \n",
       "20       6           1      5  \n",
       "21       0           4      6  \n",
       "22       2           4      8  \n",
       "23       6           5      4  \n",
       "24       0           2      1  \n",
       "25       1           5      6  \n",
       "26       3           4      1  \n",
       "27       6           3      7  \n",
       "28       2           9      4  \n",
       "29       4           1      2  \n",
       "30       3           0      2  \n",
       "31       5           2      1  \n",
       "32       5           1      2  \n",
       "33       4           0      1  \n",
       "34       3           0      2  \n",
       "35       6           1      2  \n",
       "36       3           7      9  \n",
       "37       2           5      4  \n",
       "38       6           7      8  "
      ]
     },
     "execution_count": 37,
     "metadata": {},
     "output_type": "execute_result"
    }
   ],
   "source": [
    "# Reading in csv\n",
    "df = pd.read_csv(\"2022_Project_distance_Matrix.csv\")\n",
    "df"
   ]
  },
  {
   "cell_type": "code",
   "execution_count": 47,
   "id": "9df471f5-e0a1-418e-a05f-603ea29ef9f3",
   "metadata": {},
   "outputs": [
    {
     "data": {
      "text/html": [
       "<div>\n",
       "<style scoped>\n",
       "    .dataframe tbody tr th:only-of-type {\n",
       "        vertical-align: middle;\n",
       "    }\n",
       "\n",
       "    .dataframe tbody tr th {\n",
       "        vertical-align: top;\n",
       "    }\n",
       "\n",
       "    .dataframe thead th {\n",
       "        text-align: right;\n",
       "    }\n",
       "</style>\n",
       "<table border=\"1\" class=\"dataframe\">\n",
       "  <thead>\n",
       "    <tr style=\"text-align: right;\">\n",
       "      <th></th>\n",
       "      <th>ARFL</th>\n",
       "      <th>Argonne</th>\n",
       "      <th>Boeing</th>\n",
       "      <th>Delta Dental</th>\n",
       "      <th>Ford</th>\n",
       "      <th>Hope Village</th>\n",
       "      <th>Kellogg's</th>\n",
       "      <th>Neogen</th>\n",
       "      <th>Old Nation</th>\n",
       "      <th>Qside</th>\n",
       "    </tr>\n",
       "  </thead>\n",
       "  <tbody>\n",
       "    <tr>\n",
       "      <th>0</th>\n",
       "      <td>0.000000</td>\n",
       "      <td>3.000000</td>\n",
       "      <td>3.000000</td>\n",
       "      <td>5.200000</td>\n",
       "      <td>4.000000</td>\n",
       "      <td>6.200000</td>\n",
       "      <td>6.600000</td>\n",
       "      <td>4.000000</td>\n",
       "      <td>5.600000</td>\n",
       "      <td>7.400000</td>\n",
       "    </tr>\n",
       "    <tr>\n",
       "      <th>1</th>\n",
       "      <td>2.666667</td>\n",
       "      <td>0.000000</td>\n",
       "      <td>1.666667</td>\n",
       "      <td>3.333333</td>\n",
       "      <td>6.666667</td>\n",
       "      <td>5.333333</td>\n",
       "      <td>8.000000</td>\n",
       "      <td>6.000000</td>\n",
       "      <td>5.000000</td>\n",
       "      <td>6.333333</td>\n",
       "    </tr>\n",
       "    <tr>\n",
       "      <th>2</th>\n",
       "      <td>3.200000</td>\n",
       "      <td>2.600000</td>\n",
       "      <td>0.000000</td>\n",
       "      <td>6.200000</td>\n",
       "      <td>4.600000</td>\n",
       "      <td>8.000000</td>\n",
       "      <td>5.600000</td>\n",
       "      <td>2.600000</td>\n",
       "      <td>5.800000</td>\n",
       "      <td>6.400000</td>\n",
       "    </tr>\n",
       "    <tr>\n",
       "      <th>3</th>\n",
       "      <td>1.666667</td>\n",
       "      <td>7.333333</td>\n",
       "      <td>6.000000</td>\n",
       "      <td>0.000000</td>\n",
       "      <td>6.666667</td>\n",
       "      <td>5.333333</td>\n",
       "      <td>7.333333</td>\n",
       "      <td>4.000000</td>\n",
       "      <td>3.000000</td>\n",
       "      <td>3.666667</td>\n",
       "    </tr>\n",
       "    <tr>\n",
       "      <th>4</th>\n",
       "      <td>2.500000</td>\n",
       "      <td>2.500000</td>\n",
       "      <td>2.833333</td>\n",
       "      <td>5.666667</td>\n",
       "      <td>0.000000</td>\n",
       "      <td>7.666667</td>\n",
       "      <td>6.166667</td>\n",
       "      <td>3.833333</td>\n",
       "      <td>6.833333</td>\n",
       "      <td>7.000000</td>\n",
       "    </tr>\n",
       "  </tbody>\n",
       "</table>\n",
       "</div>"
      ],
      "text/plain": [
       "       ARFL   Argonne    Boeing  Delta Dental      Ford  Hope Village  \\\n",
       "0  0.000000  3.000000  3.000000      5.200000  4.000000      6.200000   \n",
       "1  2.666667  0.000000  1.666667      3.333333  6.666667      5.333333   \n",
       "2  3.200000  2.600000  0.000000      6.200000  4.600000      8.000000   \n",
       "3  1.666667  7.333333  6.000000      0.000000  6.666667      5.333333   \n",
       "4  2.500000  2.500000  2.833333      5.666667  0.000000      7.666667   \n",
       "\n",
       "   Kellogg's    Neogen  Old Nation     Qside  \n",
       "0   6.600000  4.000000    5.600000  7.400000  \n",
       "1   8.000000  6.000000    5.000000  6.333333  \n",
       "2   5.600000  2.600000    5.800000  6.400000  \n",
       "3   7.333333  4.000000    3.000000  3.666667  \n",
       "4   6.166667  3.833333    6.833333  7.000000  "
      ]
     },
     "execution_count": 47,
     "metadata": {},
     "output_type": "execute_result"
    }
   ],
   "source": [
    "temp = np.zeros([10,10])\n",
    "for i in range(len(df.columns)):\n",
    "    col1 = df.columns[i]\n",
    "    for j in range(len(df.columns)):\n",
    "        col2 = df.columns[j]\n",
    "        temp[i][j] = np.sum(df[df[col1]==0][col2])/len(df[df[col1]==0][col2])\n",
    "            \n",
    "data = pd.DataFrame(temp, columns=df.columns)\n",
    "data.head()"
   ]
  },
  {
   "cell_type": "code",
   "execution_count": 50,
   "id": "cc368c0a-21e4-4302-9aaf-c756132be250",
   "metadata": {},
   "outputs": [],
   "source": [
    "data_dist = sym.Matrix(pairwise_distances(data))\n",
    "data_dist[3,3] = 0.0 #this was essentially 0 but rounding errors made it larger"
   ]
  },
  {
   "cell_type": "code",
   "execution_count": 51,
   "id": "52b17181-0f9d-4102-a9eb-99dfd5ecca01",
   "metadata": {},
   "outputs": [
    {
     "data": {
      "text/latex": [
       "$\\displaystyle \\left[\\begin{matrix}0.0 & 6.05750223552029 & 5.29150262212918 & 9.31092548210613 & 5.17622771266232 & 12.7561749752816 & 11.4282301536347 & 6.8818602136341 & 12.5153905252693 & 12.2784363825367\\\\6.05750223552029 & 0.0 & 6.88379740162846 & 10.0111049451208 & 8.65062618157399 & 12.4867930230304 & 12.6051136007927 & 8.61523198888006 & 12.3237575438662 & 11.0453610171873\\\\5.29150262212918 & 6.88379740162846 & 0.0 & 11.4391141848193 & 5.77523448297412 & 13.4610549363711 & 10.5560935535411 & 6.2010751755912 & 13.3676849154968 & 13.4208792558461\\\\9.31092548210613 & 10.0111049451208 & 11.4391141848193 & 0.0 & 11.9698695806503 & 10.4076894650062 & 11.9536140513607 & 9.5102284117914 & 9.72325391351407 & 10.816653826392\\\\5.17622771266232 & 8.65062618157399 & 5.77523448297412 & 11.9698695806503 & 0.0 & 14.4090249496626 & 12.4922198009623 & 8.56024402559751 & 14.0904814206849 & 14.5143607047182\\\\12.7561749752816 & 12.4867930230304 & 13.4610549363711 & 10.4076894650062 & 14.4090249496626 & 0.0 & 8.32452868202025 & 9.78025221215349 & 4.04907396820556 & 5.77234787586472\\\\11.4282301536347 & 12.6051136007927 & 10.5560935535411 & 11.9536140513607 & 12.4922198009623 & 8.32452868202025 & 0.0 & 9.84321537348893 & 10.4396413305779 & 8.9876458418085\\\\6.8818602136341 & 8.61523198888006 & 6.2010751755912 & 9.5102284117914 & 8.56024402559751 & 9.78025221215349 & 9.84321537348893 & 0.0 & 8.74880944281373 & 11.0905365064094\\\\12.5153905252693 & 12.3237575438662 & 13.3676849154968 & 9.72325391351407 & 14.0904814206849 & 4.04907396820556 & 10.4396413305779 & 8.74880944281373 & 0.0 & 6.73609679265374\\\\12.2784363825367 & 11.0453610171873 & 13.4208792558461 & 10.816653826392 & 14.5143607047182 & 5.77234787586472 & 8.9876458418085 & 11.0905365064094 & 6.73609679265374 & 0.0\\end{matrix}\\right]$"
      ],
      "text/plain": [
       "Matrix([\n",
       "[             0.0, 6.05750223552029, 5.29150262212918, 9.31092548210613, 5.17622771266232, 12.7561749752816, 11.4282301536347,  6.8818602136341, 12.5153905252693, 12.2784363825367],\n",
       "[6.05750223552029,              0.0, 6.88379740162846, 10.0111049451208, 8.65062618157399, 12.4867930230304, 12.6051136007927, 8.61523198888006, 12.3237575438662, 11.0453610171873],\n",
       "[5.29150262212918, 6.88379740162846,              0.0, 11.4391141848193, 5.77523448297412, 13.4610549363711, 10.5560935535411,  6.2010751755912, 13.3676849154968, 13.4208792558461],\n",
       "[9.31092548210613, 10.0111049451208, 11.4391141848193,              0.0, 11.9698695806503, 10.4076894650062, 11.9536140513607,  9.5102284117914, 9.72325391351407,  10.816653826392],\n",
       "[5.17622771266232, 8.65062618157399, 5.77523448297412, 11.9698695806503,              0.0, 14.4090249496626, 12.4922198009623, 8.56024402559751, 14.0904814206849, 14.5143607047182],\n",
       "[12.7561749752816, 12.4867930230304, 13.4610549363711, 10.4076894650062, 14.4090249496626,              0.0, 8.32452868202025, 9.78025221215349, 4.04907396820556, 5.77234787586472],\n",
       "[11.4282301536347, 12.6051136007927, 10.5560935535411, 11.9536140513607, 12.4922198009623, 8.32452868202025,              0.0, 9.84321537348893, 10.4396413305779,  8.9876458418085],\n",
       "[ 6.8818602136341, 8.61523198888006,  6.2010751755912,  9.5102284117914, 8.56024402559751, 9.78025221215349, 9.84321537348893,              0.0, 8.74880944281373, 11.0905365064094],\n",
       "[12.5153905252693, 12.3237575438662, 13.3676849154968, 9.72325391351407, 14.0904814206849, 4.04907396820556, 10.4396413305779, 8.74880944281373,              0.0, 6.73609679265374],\n",
       "[12.2784363825367, 11.0453610171873, 13.4208792558461,  10.816653826392, 14.5143607047182, 5.77234787586472,  8.9876458418085, 11.0905365064094, 6.73609679265374,              0.0]])"
      ]
     },
     "execution_count": 51,
     "metadata": {},
     "output_type": "execute_result"
    }
   ],
   "source": [
    "data_dist"
   ]
  },
  {
   "cell_type": "markdown",
   "id": "b3ace5ac-cf48-4d07-8b92-8162e1ec9272",
   "metadata": {},
   "source": [
    "Based on the distance matrix our project is most similar to Hope Village. Our project is most different from Ford and Boeing. Ford and Boeing are doing Image analysis of some sort, along with heavy machine learning. We, on the other hand, are using census data to learn more about the demographics of Old Nations Customer Base. Hope Village has a very similar project, as they are also working with census data along with housing data. "
   ]
  }
 ],
 "metadata": {
  "kernelspec": {
   "display_name": "Python 3",
   "language": "python",
   "name": "python3"
  },
  "language_info": {
   "codemirror_mode": {
    "name": "ipython",
    "version": 3
   },
   "file_extension": ".py",
   "mimetype": "text/x-python",
   "name": "python",
   "nbconvert_exporter": "python",
   "pygments_lexer": "ipython3",
   "version": "3.8.8"
  }
 },
 "nbformat": 4,
 "nbformat_minor": 5
}
